[gd_scene load_steps=5 format=3 uid="uid://skpktdkonym2"]

[ext_resource type="Script" path="res://script/gun.gd" id="1_vdn1u"]

[sub_resource type="Animation" id="Animation_srpiu"]
length = 0.001
tracks/0/type = "value"
tracks/0/imported = false
tracks/0/enabled = true
tracks/0/path = NodePath("CSGBox3D:position")
tracks/0/interp = 1
tracks/0/loop_wrap = true
tracks/0/keys = {
"times": PackedFloat32Array(0),
"transitions": PackedFloat32Array(1),
"update": 0,
"values": [Vector3(-0.0682054, -0.0777062, -0.00115204)]
}

[sub_resource type="Animation" id="Animation_vmqer"]
resource_name = "shoot"
length = 0.1
step = 0.01
tracks/0/type = "value"
tracks/0/imported = false
tracks/0/enabled = true
tracks/0/path = NodePath("CSGBox3D:position")
tracks/0/interp = 1
tracks/0/loop_wrap = true
tracks/0/keys = {
"times": PackedFloat32Array(0, 0.01, 0.1),
"transitions": PackedFloat32Array(1, 1, 1),
"update": 0,
"values": [Vector3(0, -0.078, -0.001), Vector3(0, -0.078, 0.02), Vector3(0, -0.078, -0.001)]
}

[sub_resource type="AnimationLibrary" id="AnimationLibrary_ittnf"]
_data = {
"RESET": SubResource("Animation_srpiu"),
"shooting": SubResource("Animation_vmqer")
}

[node name="Gun" type="Node3D"]
script = ExtResource("1_vdn1u")

[node name="CSGBox3D" type="CSGBox3D" parent="."]
transform = Transform3D(-3.78552e-08, -2.18557e-08, 1, -0.5, 0.866025, 0, -0.866025, -0.5, -4.37114e-08, -0.0682054, -0.0777062, -0.00115204)
size = Vector3(0.05, 0.2, 0.02)

[node name="RayCast3D" type="RayCast3D" parent="CSGBox3D"]
transform = Transform3D(-3.78552e-08, -0.5, -0.866026, -2.18557e-08, 0.866026, -0.5, 1, -1.5623e-14, -4.37114e-08, 0.264981, 0.242715, -0.000303075)
target_position = Vector3(0, 0, -0.1)

[node name="CSGBox3D" type="CSGBox3D" parent="CSGBox3D"]
transform = Transform3D(0.505567, 0.862787, 0, -0.862787, 0.505567, 0, 0, 0, 1, 0.129815, 0.166851, 0)
size = Vector3(0.05, 0.3, 0.02)

[node name="AnimationPlayer" type="AnimationPlayer" parent="."]
libraries = {
"": SubResource("AnimationLibrary_ittnf")
}
